0 -78.3982 -78.3982 2 1 0
0.00509782 -77.9982 -77.9982 1 1 0
0.00764265 -77.7983 -77.7983 1 1 0
0.0101843 -77.5983 -77.5983 1 1 0
0.0127225 -77.3983 -77.3983 1 1 0
0.0152572 -77.1983 -77.1983 1 1 0
0.0177881 -76.9984 -76.9984 1 1 0
0.0203151 -76.7984 -76.7984 1 1 0
0.0228378 -76.5984 -76.5984 1 1 0
0.0253561 -76.3984 -76.3984 1 1 0
0.0278696 -76.1985 -76.1985 1 1 0
0.0303783 -75.9985 -75.9985 1 1 0
0.0328817 -75.7985 -75.7985 1 1 0
0.0353795 -75.5985 -75.5985 1 1 0
0.0378716 -75.3986 -75.3986 1 1 0
0.0403575 -75.1986 -75.1986 1 1 0
0.0428369 -74.9986 -74.9986 1 1 0
0.0453095 -74.7986 -74.7986 1 1 0
0.0477749 -74.5987 -74.5987 1 1 0
0.0502326 -74.3987 -74.3987 1 1 0
0.0526824 -74.1987 -74.1987 1 1 0
0.0551237 -73.9987 -73.9987 1 1 0
0.057556 -73.7988 -73.7988 1 1 0
0.059979 -73.5988 -73.5988 1 1 0
0.0623921 -73.3988 -73.3988 1 1 0
0.0647948 -73.1989 -73.1989 1 1 0
0.0671865 -72.9989 -72.9989 1 1 0
0.0695667 -72.7989 -72.7989 1 1 0
0.0719347 -72.599 -72.599 1 1 0
0.0742899 -72.399 -72.399 1 1 0
0.0766317 -72.199 -72.199 1 1 0
0.0789593 -71.999 -71.999 1 1 0
0.081272 -71.7991 -71.7991 1 1 0
0.0835691 -71.5991 -71.5991 1 1 0
0.0858497 -71.3991 -71.3991 1 1 0
0.088113 -71.1992 -71.1992 1 1 0
0.0903582 -70.9992 -70.9992 1 1 0
0.0925843 -70.7992 -70.7992 1 1 0
0.0947904 -70.5993 -70.5993 1 1 0
0.0969755 -70.3993 -70.3993 1 1 0
0.0991385 -70.1994 -70.1994 1 1 0
0.101278 -69.9994 -69.9994 1 1 0
0.103394 -69.7994 -69.7994 1 1 0
0.105484 -69.5995 -69.5995 1 1 0
0.107548 -69.3995 -69.3995 1 1 0
0.109584 -69.1995 -69.1995 1 1 0
0.11159 -68.9996 -68.9996 1 1 0
0.113566 -68.7996 -68.7996 1 1 0
0.11551 -68.5997 -68.5997 1 1 0
0.117421 -68.3997 -68.3997 1 1 0
0.119297 -68.1998 -68.1998 1 1 0
0.121136 -67.9998 -67.9998 1 1 0
0.122937 -67.7999 -67.7999 1 1 0
0.124698 -67.5999 -67.5999 1 1 0
0.126418 -67.4 -67.4 1 1 0
0.128095 -67.2 -67.2 1 1 0
0.129726 -67.0001 -67.0001 1 1 0
0.131311 -66.8001 -66.8001 1 1 0
0.132846 -66.6002 -66.6002 1 1 0
0.134331 -66.4002 -66.4002 1 1 0
0.135763 -66.2003 -66.2003 1 1 0
0.137143 -66.0003 -66.0003 1 1 0
0.138471 -65.8004 -65.8004 1 1 0
0.139751 -65.6005 -65.6005 1 1 0
0.140983 -65.4005 -65.4005 1 1 0
0.142168 -65.2006 -65.2006 1 1 0
0.143308 -65.0007 -65.0007 1 1 0
0.144402 -64.8008 -64.8008 1 1 0
0.14545 -64.6008 -64.6008 1 1 0
0.146452 -64.4009 -64.4009 1 1 0
0.147408 -64.201 -64.201 1 1 0
0.148315 -64.0011 -64.0011 1 1 0
0.149174 -63.8012 -63.8012 1 1 0
0.149981 -63.6013 -63.6013 1 1 0
0.150736 -63.4014 -63.4014 1 1 0
0.151435 -63.2015 -63.2015 1 1 0
0.152076 -63.0016 -63.0016 1 1 0
0.152657 -62.8017 -62.8017 1 1 0
0.153175 -62.6018 -62.6018 1 1 0
0.153626 -62.402 -62.402 1 1 0
0.153659 -62.3863 -62.3863 2 1 0
0.154035 -62.1864 -62.1864 2 1 0
0.154339 -61.9865 -61.9865 2 1 0
0.154566 -61.7867 -61.7867 2 1 0
0.154714 -61.5868 -61.5868 2 1 0
0.154779 -61.387 -61.387 2 1 0
0.154782 -61.3341 -61.3341 2 1 0
0.154738 -61.1342 -61.1342 2 1 0
0.154605 -60.9344 -60.9344 2 1 0
0.154379 -60.7346 -60.7346 2 1 0
0.154058 -60.5348 -60.5348 2 1 0
0.15364 -60.335 -60.335 2 1 0
0.153123 -60.1351 -60.1351 2 1 0
0.152504 -59.9353 -59.9353 2 1 0
0.151783 -59.7356 -59.7356 2 1 0
0.150958 -59.5358 -59.5358 2 1 0
0.150029 -59.336 -59.336 2 1 0
0.148996 -59.1362 -59.1362 2 1 0
0.147857 -58.9365 -58.9365 2 1 0
0.146616 -58.7367 -58.7367 2 1 0
0.145272 -58.537 -58.537 2 1 0
0.143827 -58.3372 -58.3372 2 1 0
0.142283 -58.1375 -58.1375 2 1 0
0.140644 -57.9378 -57.9378 2 1 0
0.138912 -57.738 -57.738 2 1 0
0.137092 -57.5383 -57.5383 2 1 0
0.135188 -57.3386 -57.3386 2 1 0
0.133205 -57.1389 -57.1389 2 1 0
0.131149 -56.9392 -56.9392 2 1 0
0.129025 -56.7395 -56.7395 2 1 0
0.12684 -56.5398 -56.5398 2 1 0
0.124603 -56.3402 -56.3402 2 1 0
0.12232 -56.1405 -56.1405 2 1 0
0.12 -55.9408 -55.9408 2 1 0
0.117653 -55.7411 -55.7411 2 1 0
0.115287 -55.5415 -55.5415 2 1 0
0.112913 -55.3418 -55.3418 2 1 0
0.110541 -55.1422 -55.1422 2 1 0
0.108183 -54.9425 -54.9425 2 1 0
0.10585 -54.7428 -54.7428 2 1 0
0.103555 -54.5432 -54.5432 2 1 0
0.10131 -54.3435 -54.3435 2 1 0
0.0991293 -54.1438 -54.1438 2 1 0
0.097026 -53.9442 -53.9442 2 1 0
0.0950148 -53.7445 -53.7445 2 1 0
0.0931108 -53.5448 -53.5448 2 1 0
0.0913295 -53.3451 -53.3451 2 1 0
0.0896871 -53.1455 -53.1455 2 1 0
0.0882005 -52.9458 -52.9458 2 1 0
0.0868872 -52.7461 -52.7461 2 1 0
0.0857654 -52.5464 -52.5464 2 1 0
0.0848539 -52.3467 -52.3467 2 1 0
0.0841726 -52.147 -52.147 2 1 0
0.083742 -51.9473 -51.9473 2 1 0
0.0835833 -51.7475 -51.7475 2 1 0
0.0835829 -51.7372 -51.7372 2 1 0
0.0837345 -51.5375 -51.5375 2 1 0
0.0842052 -51.3378 -51.3378 2 1 0
0.0850194 -51.138 -51.138 2 1 0
0.0862029 -50.9383 -50.9383 2 1 0
0.0877826 -50.7385 -50.7385 2 1 0
0.0897869 -50.5388 -50.5388 2 1 0
0.0922457 -50.339 -50.339 2 1 0
0.0951902 -50.1393 -50.1393 2 1 0
0.0986536 -49.9395 -49.9395 2 1 0
0.102671 -49.7398 -49.7398 2 1 0
0.107278 -49.54 -49.54 2 1 0
0.112515 -49.3403 -49.3403 2 1 0
0.118422 -49.1406 -49.1406 2 1 0
0.125043 -48.9409 -48.9409 2 1 0
0.132423 -48.7412 -48.7412 2 1 0
0.140611 -48.5415 -48.5415 2 1 0
0.149658 -48.3419 -48.3419 2 1 0
0.159616 -48.1423 -48.1423 2 1 0
0.170544 -47.9428 -47.9428 2 1 0
0.1825 -47.7433 -47.7433 2 1 0
0.195548 -47.5438 -47.5438 2 1 0
0.209752 -47.3445 -47.3445 2 1 0
0.225183 -47.1452 -47.1452 2 1 0
0.241913 -46.946 -46.946 2 1 0
0.260017 -46.747 -46.747 2 1 0
0.279574 -46.548 -46.548 2 1 0
0.300666 -46.3493 -46.3493 2 1 0
0.323378 -46.1507 -46.1507 2 1 0
0.347798 -45.9523 -45.9523 2 1 0
0.374017 -45.7541 -45.7541 2 1 0
0.402128 -45.5562 -45.5562 2 1 0
0.432225 -45.3585 -45.3585 2 1 0
0.464407 -45.1612 -45.1612 2 1 0
0.498771 -44.9643 -44.9643 2 1 0
0.535417 -44.7678 -44.7678 2 1 0
0.574444 -44.5717 -44.5717 2 1 0
0.615951 -44.3761 -44.3761 2 1 0
0.660036 -44.1811 -44.1811 2 1 0
0.706796 -43.9867 -43.9867 2 1 0
0.756323 -43.793 -43.793 2 1 0
0.808708 -43.6 -43.6 2 1 0
0.864037 -43.4079 -43.4079 2 1 0
0.922388 -43.2167 -43.2167 2 1 0
0.983837 -43.0264 -43.0264 2 1 0
1.04845 -42.8372 -42.8372 2 1 0
1.11629 -42.6491 -42.6491 2 1 0
1.1874 -42.4622 -42.4622 2 1 0
1.26182 -42.2766 -42.2766 2 1 0
1.33959 -42.0924 -42.0924 2 1 0
1.42072 -41.9096 -41.9096 2 1 0
1.46864 -41.8058 -41.8058 2 1 0
1.55509 -41.6255 -41.6255 1 1 0
1.64491 -41.4468 -41.4468 1 1 0
1.73808 -41.2699 -41.2699 1 1 0
1.83458 -41.0947 -41.0947 1 1 0
1.93438 -40.9214 -40.9214 1 1 0
2.03743 -40.7501 -40.7501 1 1 0
2.14367 -40.5806 -40.5806 1 1 0
2.25304 -40.4132 -40.4132 1 1 0
2.36548 -40.2479 -40.2479 1 1 0
2.48091 -40.0846 -40.0846 1 1 0
2.59925 -39.9234 -39.9234 1 1 0
2.72043 -39.7643 -39.7643 1 1 0
2.84435 -39.6073 -39.6073 1 1 0
2.97092 -39.4525 -39.4525 1 1 0
3.10006 -39.2998 -39.2998 1 1 0
3.23168 -39.1492 -39.1492 1 1 0
3.36568 -39.0008 -39.0008 1 1 0
3.50197 -38.8544 -38.8544 1 1 0
3.64047 -38.7101 -38.7101 1 1 0
3.78108 -38.5679 -38.5679 1 1 0
3.92372 -38.4278 -38.4278 1 1 0
4.06831 -38.2896 -38.2896 1 1 0
4.21476 -38.1534 -38.1534 1 1 0
4.36298 -38.0191 -38.0191 1 1 0
4.51292 -37.8868 -37.8868 1 1 0
4.66448 -37.7563 -37.7563 1 1 0
4.8176 -37.6277 -37.6277 1 1 0
4.97221 -37.5008 -37.5008 1 1 0
5.12825 -37.3757 -37.3757 1 1 0
1.46864 -41.8058 -41.8058 4 8 0
1.47034 -41.519 -42.0848 4 8 0
1.47542 -41.2245 -42.3562 4 8 0
1.48375 -40.9228 -42.6203 4 8 0
1.49519 -40.6144 -42.8777 4 8 0
1.50947 -40.3002 -43.1294 4 8 0
1.52628 -39.981 -43.3766 4 8 0
1.54523 -39.6579 -43.6208 4 8 0
1.56581 -39.3321 -43.8637 4 8 0
1.58741 -39.005 -44.1073 4 8 0
1.60923 -38.6784 -44.3535 4 8 0
1.63032 -38.3547 -44.6047 4 8 0
1.6495 -38.0367 -44.8628 4 8 0
1.66545 -37.7284 -45.1295 4 8 0
1.67683 -37.4338 -45.4057 4 8 0
1.6826 -37.1571 -45.6906 4 8 0
1.68324 -37.0367 -45.8243 4 8 0
1.68039 -36.7909 -46.1172 3 8 0
1.67248 -36.5638 -46.4141 3 8 0
1.66092 -36.3519 -46.7116 3 8 0
1.64732 -36.1496 -47.0092 3 8 0
1.63324 -35.9508 -47.306 3 8 0
1.61999 -35.7501 -47.6023 3 8 0
1.60868 -35.543 -47.8973 3 8 0
1.60014 -35.3259 -48.1917 3 8 0
1.59497 -35.097 -48.4842 3 8 0
1.59354 -34.8916 -48.7324 3 8 0
1.59557 -34.6373 -49.0216 4 8 0
1.6017 -34.3694 -49.3094 4 8 0
1.61195 -34.0884 -49.594 4 8 0
1.62624 -33.7951 -49.877 4 8 0
1.64443 -33.4908 -50.1571 4 8 0
1.66638 -33.1766 -50.4346 4 8 0
1.69188 -32.8537 -50.7106 4 8 0
1.72075 -32.5233 -50.9844 4 8 0
1.75278 -32.1863 -51.2558 4 8 0
1.78779 -31.8438 -51.5261 4 8 0
1.82557 -31.4968 -51.7956 4 8 0
1.86593 -31.1458 -52.0636 4 8 0
1.90869 -30.7917 -52.3303 4 8 0
1.95367 -30.4349 -52.5972 4 8 0
2.00067 -30.076 -52.8635 4 8 0
2.04953 -29.7156 -53.1288 4 8 0
2.10005 -29.354 -53.3949 4 8 0
2.15206 -28.9914 -53.6606 4 8 0
2.20538 -28.6278 -53.9262 4 8 0
2.25984 -28.2642 -54.1925 4 8 0
2.31524 -27.8997 -54.4588 4 8 0
2.37142 -27.5352 -54.7252 4 8 0
2.42818 -27.171 -54.9926 4 8 0
2.48536 -26.806 -55.2608 4 8 0
2.54276 -26.4414 -55.529 4 8 0
2.60022 -26.0767 -55.7982 4 8 0
2.65754 -25.7121 -56.0676 4 8 0
2.71455 -25.3472 -56.3379 4 8 0
2.77108 -24.9828 -56.6089 4 8 0
2.82694 -24.6176 -56.8813 4 8 0
2.88197 -24.2528 -57.153 4 8 0
2.936 -23.8875 -57.4271 4 8 0
2.98886 -23.5225 -57.7013 4 8 0
3.0404 -23.1568 -57.9757 4 8 0
3.09046 -22.7905 -58.2513 4 8 0
3.1389 -22.4242 -58.5269 4 8 0
3.18557 -22.0572 -58.8035 4 8 0
3.23034 -21.6906 -59.0797 4 8 0
3.2731 -21.3221 -59.3573 4 8 0
3.31372 -20.9536 -59.6344 4 8 0
3.35211 -20.5846 -59.9124 4 8 0
3.38818 -20.2161 -60.1903 4 8 0
3.42185 -19.8442 -60.4679 4 8 0
3.45304 -19.4737 -60.7449 4 8 0
3.48171 -19.1013 -61.0219 4 8 0
3.50781 -18.7286 -61.2985 4 8 0
3.53131 -18.3545 -61.575 4 8 0
3.55218 -17.9807 -61.8499 4 8 0
3.57043 -17.6054 -62.1238 4 8 0
3.58605 -17.2283 -62.3979 4 8 0
3.59906 -16.8512 -62.6703 4 8 0
3.60947 -16.4727 -62.9404 4 8 0
3.61733 -16.0932 -63.2109 4 8 0
3.62268 -15.7136 -63.479 4 8 0
3.62555 -15.3307 -63.7456 4 8 0
3.62612 -15.0663 -63.929 3 8 0
3.62494 -14.6839 -64.1916 3 8 0
3.62146 -14.2969 -64.4538 3 8 0
3.61573 -13.9105 -64.7131 3 8 0
3.60783 -13.5237 -64.9713 3 8 0
3.59784 -13.1331 -65.2266 3 8 0
3.58583 -12.7407 -65.4789 3 8 0
3.57189 -12.3476 -65.7306 3 8 0
3.55608 -11.9539 -65.9792 3 8 0
3.5385 -11.556 -66.225 3 8 0
3.51922 -11.1555 -66.4686 3 8 0
3.49832 -10.7547 -66.7095 3 8 0
3.47589 -10.3497 -66.9487 3 8 0
3.452 -9.94315 -67.1847 3 8 0
3.42674 -9.53411 -67.4175 3 8 0
3.40017 -9.12357 -67.6491 3 8 0
3.37239 -8.70811 -67.8766 3 8 0
3.34345 -8.29043 -68.1027 3 8 0
3.31344 -7.86741 -68.3249 3 8 0
3.28243 -7.44197 -68.5453 3 8 0
3.25049 -7.01554 -68.7626 3 8 0
3.21768 -6.5829 -68.9769 3 8 0
3.18407 -6.14549 -69.1887 3 8 0
3.14972 -5.70589 -69.3977 3 8 0
3.11471 -5.2632 -69.6038 3 8 0
3.07908 -4.81251 -69.8071 3 8 0
3.0429 -4.359 -70.0076 3 8 0
3.00623 -3.89986 -70.2054 3 8 0
2.96912 -3.43671 -70.4003 3 8 0
2.93162 -2.96865 -70.5923 3 8 0
2.89378 -2.49454 -70.7815 3 8 0
2.85566 -2.01587 -70.9679 3 8 0
2.8173 -1.53446 -71.1508 3 8 0
2.77875 -1.04187 -71.3324 3 8 0
2.74005 -0.544086 -71.5094 3 8 0
2.70124 -0.0427262 -71.6852 3 8 0
2.66237 0.467439 -71.8567 3 8 0
2.62346 0.983298 -72.0266 3 8 0
2.58457 1.50349 -72.1931 3 8 0
2.54572 2.03327 -72.3564 3 8 0
2.50694 2.56922 -72.5176 3 8 0
2.46827 3.11136 -72.6755 3 8 0
2.42974 3.65987 -72.8308 3 8 0
2.39137 4.21488 -72.9834 3 8 0
2.35319 4.77932 -73.133 3 8 0
2.31522 5.35144 -73.28 3 8 0
2.27749 5.93039 -73.4239 3 8 0
2.24002 6.5105 -73.5649 3 8 0
2.20283 7.10538 -73.7046 3 8 0
2.16593 7.70721 -73.8402 3 8 0
2.12934 8.317 -73.9741 3 8 0
2.09308 8.93132 -74.1042 3 8 0
2.05716 9.55251 -74.2331 3 8 0
2.0216 10.1818 -74.3584 3 8 0
1.9864 10.8189 -74.4812 3 8 0
1.95158 11.4627 -74.6021 3 8 0
1.91714 12.1129 -74.7197 3 8 0
1.88309 12.7689 -74.8352 3 8 0
1.84945 13.4311 -74.9485 3 8 0
1.8162 14.0943 -75.0588 3 8 0
1.78338 14.7673 -75.1674 3 8 0
1.75096 15.4481 -75.2723 3 8 0
1.71897 16.1391 -75.376 3 8 0
1.6874 16.8286 -75.4782 3 8 0
1.65626 17.5224 -75.5769 3 8 0
1.62554 18.22 -75.6742 3 8 0
1.59525 18.9211 -75.7681 3 8 0
1.5654 19.6251 -75.8613 3 8 0
1.53598 20.3294 -75.9518 3 8 0
1.50699 21.0371 -76.0393 3 8 0
1.47844 21.7462 -76.1267 3 8 0
1.45032 22.4518 -76.2108 3 8 0
1.42264 23.1613 -76.2932 3 8 0
1.3954 23.8703 -76.3732 3 8 0
1.36859 24.5878 -76.4521 3 8 0
1.34222 25.2943 -76.5287 3 8 0
1.31629 25.9981 -76.604 3 8 0
1.2908 26.6987 -76.6771 3 8 0
1.26574 27.3951 -76.7477 3 8 0
1.24112 28.0868 -76.8177 3 8 0
1.21694 28.7701 -76.8857 3 8 0
1.1932 29.45 -76.9509 3 8 0
1.1699 30.1231 -77.0163 3 8 0
1.14703 30.7871 -77.0791 3 8 0
1.1246 31.4437 -77.1401 3 8 0
1.10261 32.0914 -77.1999 3 8 0
1.08104 32.7326 -77.2581 3 8 0
1.05991 33.3607 -77.3151 3 8 0
1.03921 33.9782 -77.3694 3 8 0
1.01894 34.5824 -77.4241 3 8 0
0.999083 35.1768 -77.4755 3 8 0
0.979648 35.7604 -77.5276 3 8 0
0.960628 36.3376 -77.5771 3 8 0
0.942016 36.8972 -77.6255 3 8 0
0.923809 37.4439 -77.6721 3 8 0
0.906001 37.9745 -77.7178 3 8 0
0.888585 38.4955 -77.7633 3 8 0
0.871555 39.0031 -77.8066 3 8 0
0.854904 39.4985 -77.8489 3 8 0
0.838626 39.9782 -77.8906 3 8 0
0.822713 40.4443 -77.9298 3 8 0
0.807158 40.8954 -77.9698 3 8 0
0.791953 41.334 -78.0081 3 8 0
0.777092 41.7591 -78.0447 3 8 0
0.762567 42.174 -78.0817 3 8 0
0.74837 42.577 -78.1163 3 8 0
0.734493 42.9673 -78.1515 3 8 0
0.720931 43.3426 -78.1841 3 8 0
0.707674 43.708 -78.218 3 8 0
0.694716 44.061 -78.2496 3 8 0
0.682051 44.4002 -78.2814 3 8 0
0.66967 44.7298 -78.3107 3 8 0
0.657568 45.0476 -78.3416 3 8 0
0.645738 45.3529 -78.3704 3 8 0
0.634173 45.6467 -78.3988 3 8 0
0.622868 45.9293 -78.4267 3 8 0
0.611815 46.2 -78.4531 3 8 0
0.60101 46.4667 -78.4805 3 8 0
0.590446 46.7232 -78.5057 3 8 0
0.580117 46.97 -78.5317 3 8 0
0.570018 47.2039 -78.5556 3 8 0
0.560144 47.4281 -78.5808 3 8 0
0.550489 47.6506 -78.6041 3 8 0
0.541048 47.8585 -78.6275 3 8 0
0.531815 48.0574 -78.6497 3 8 0
0.522787 48.2553 -78.6714 3 8 0
0.513957 48.441 -78.6942 3 8 0
0.505321 48.6185 -78.7145 3 8 0
0.496874 48.7898 -78.7351 3 8 0
0.488611 48.9533 -78.7567 3 8 0
0.480528 49.1091 -78.7758 3 8 0
0.47262 49.258 -78.7962 3 8 0
0.464882 49.4037 -78.8144 3 8 0
0.457311 49.5427 -78.8341 3 8 0
0.449901 49.6727 -78.8522 3 8 0
0.442649 49.8004 -78.8706 3 8 0
0.43555 49.9217 -78.8875 3 8 0
0.4286 50.0323 -78.9057 3 8 0
0.421795 50.1411 -78.9221 3 8 0
0.415131 50.2489 -78.9393 3 8 0
0.408605 50.3511 -78.9548 3 8 0
0.402212 50.4445 -78.9719 3 8 0
0.395948 50.5324 -78.9872 3 8 0
0.389811 50.6258 -79.0027 3 8 0
0.383796 50.7077 -79.0185 3 8 0
0.377901 50.7846 -79.0325 3 8 0
0.372121 50.8548 -79.0474 3 8 0
0.366455 50.9282 -79.0625 3 8 0
0.360898 50.9971 -79.0765 3 8 0
0.355449 51.0599 -79.0908 3 8 0
0.350105 51.1212 -79.1037 3 8 0
0.344863 51.1782 -79.1179 3 8 0
0.339721 51.2301 -79.1309 3 8 0
0.334677 51.2816 -79.144 3 8 0
0.329729 51.3292 -79.1571 3 8 0
0.324874 51.3726 -79.1693 3 8 0
0.320112 51.4121 -79.182 3 8 0
0.31544 51.4477 -79.1944 3 8 0
0.310857 51.4899 -79.2061 3 8 0
0.306361 51.5251 -79.2179 3 8 0
0.30195 51.5568 -79.2299 3 8 0
0.297623 51.5837 -79.2411 3 8 0
0.293379 51.6077 -79.252 3 8 0
0.289216 51.6322 -79.2636 3 8 0
0.285133 51.6627 -79.2738 3 8 0
0.281129 51.6829 -79.2851 3 8 0
0.277203 51.7 -79.2958 3 8 0
0.273354 51.7182 -79.3059 3 8 0
0.26958 51.7379 -79.3157 3 8 0
0.265881 51.7551 -79.3263 3 8 0
0.262255 51.7634 -79.336 3 8 0
0.258703 51.7796 -79.3458 3 8 0
0.255223 51.7935 -79.3547 3 8 0
0.251814 51.8007 -79.3647 3 8 0
0.248475 51.8061 -79.3738 3 8 0
0.245207 51.8189 -79.382 3 8 0
0.242008 51.8314 -79.3918 3 8 0
0.238878 51.8368 -79.4002 3 8 0
0.235815 51.84 -79.4082 3 8 0
0.232821 51.8475 -79.4171 3 8 0
0.229893 51.8559 -79.4256 3 8 0
0.227032 51.8627 -79.4333 3 8 0
0.224237 51.8614 -79.4407 3 8 0
0.221508 51.8655 -79.449 3 8 0
0.218844 51.8736 -79.4569 3 8 0
0.216245 51.8763 -79.4643 3 8 0
0.213711 51.8835 -79.4712 3 8 0
0.21124 51.8892 -79.478 3 8 0
0.208833 51.885 -79.4851 3 8 0
0.20649 51.8934 -79.4919 3 8 0
0.204209 51.9006 -79.4988 3 8 0
0.201991 51.9034 -79.5048 3 8 0
0.199835 51.9102 -79.5114 3 8 0
0.197741 51.9155 -79.5179 3 8 0
0.195708 51.9194 -79.5235 3 8 0
0.193735 51.9256 -79.5296 3 8 0
0.191823 51.93 -79.5356 3 8 0
0.189971 51.9346 -79.5411 3 8 0
0.188178 51.9365 -79.5466 3 8 0
0.186444 51.9387 -79.5518 3 8 0
0.184769 51.948 -79.5562 3 8 0
0.18315 51.9585 -79.5608 3 8 0
0.181589 51.9676 -79.566 3 8 0
0.180084 51.9743 -79.5705 3 8 0
0.178634 51.9784 -79.5751 3 8 0
0.177239 51.98 -79.5794 3 8 0
0.175898 51.9926 -79.5833 3 8 0
0.17461 51.9939 -79.5872 3 8 0
0.173374 52.0056 -79.5909 3 8 0
0.17219 52.0204 -79.5952 3 8 0
0.171056 52.0262 -79.5987 3 8 0
0.169971 52.0291 -79.602 3 8 0
0.168934 52.0415 -79.6057 3 8 0
0.167944 52.0522 -79.6089 3 8 0
0.167001 52.0602 -79.6116 3 8 0
0.166102 52.0676 -79.6146 3 8 0
0.165248 52.0762 -79.6171 3 8 0
0.164436 52.0816 -79.6194 3 8 0
0.163665 52.0893 -79.6223 3 8 0
0.162935 52.0908 -79.6242 3 8 0
0.162244 52.0948 -79.6262 3 8 0
0.161591 52.101 -79.629 3 8 0
0.160975 52.1132 -79.6312 3 8 0
0.160393 52.1246 -79.6331 3 8 0
0.159846 52.1324 -79.6344 3 8 0
0.159332 52.1378 -79.6366 3 8 0
0.15885 52.1387 -79.638 3 8 0
0.158398 52.1485 -79.6395 3 8 0
0.157975 52.1545 -79.64 3 8 0
0.157581 52.1557 -79.6421 3 8 0
0.157213 52.1633 -79.6435 3 8 0
0.156871 52.1626 -79.6441 3 8 0
0.156553 52.1603 -79.6456 3 8 0
0.156259 52.1734 -79.6466 3 8 0
0.155987 52.1693 -79.6471 3 8 0
0.155736 52.1728 -79.6482 3 8 0
0.155505 52.1719 -79.6491 3 8 0
0.155293 52.1818 -79.6487 3 8 0
0.155099 52.1864 -79.6504 3 8 0
0.154922 52.1877 -79.6504 3 8 0
0.15476 52.1854 -79.6513 3 8 0
0.154614 52.1741 -79.6519 3 8 0
0.154482 52.1848 -79.6516 3 8 0
0.154363 52.1791 -79.6526 3 8 0
0.154256 52.1877 -79.653 3 8 0
0.15416 52.1884 -79.6529 3 8 0
0.154075 52.1856 -79.6534 3 8 0
0.154 52.1704 -79.6531 3 8 0
0.153934 52.182 -79.6535 3 8 0
0.153876 52.1835 -79.6533 3 8 0
0.153826 52.171 -79.6542 3 8 0
0.153783 52.1687 -79.654 3 8 0
0.153746 52.1726 -79.6543 4 8 0
0.153716 52.1739 -79.6544 3 8 0
0.15369 52.1699 -79.6544 3 8 0

